900441666 18 8 0
828324813 4 2 0
900490278 3 12 0
572656320 3 1 0
537877126 7 7 0
308521811 17 11 0
97133241 13 7 0
18356833 18 3 0
692366619 6 13 0
904351599 4 1 0
356202351 12 5 0
90360635 10 8 1
165992735 17 14 0
195772917 10 5 0
322577598 5 12 0
596143394 3 12 0
515946099 3 12 0
768591230 22 4 0
909852200 17 3 0
101757379 17 13 0
507280090 0 15 0
560189058 7 9 0
857432347 23 3 0
937316197 18 3 0
117913170 19 5 0
150613866 16 3 0
654524329 13 5 0
258710303 5 7 0
164979660 18 8 0
740556222 23 2 0
431177137 17 10 0
498517288 20 2 0
708598174 7 5 0
295011022 20 6 0
675260053 20 1 0
111197144 20 11 0
970075799 0 5 0
115363608 20 13 0
836465991 23 5 0
712243427 22 3 0
102953054 3 2 0
853516206 10 4 0
337446843 2 9 0
684119556 1 5 0
966039964 13 2 0
102152426 5 12 0
63768722 7 6 0
844674544 6 11 0
937646261 4 8 0
306703154 0 8 0
133528596 15 9 0
443338613 1 5 0
185011754 8 2 0
144654173 15 5 0
277781302 0 2 0
883438467 19 13 0
310700574 18 5 0
278753379 12 4 0
658390122 5 12 0
203689819 4 6 0
590507678 6 1 0
598578372 15 1 0
354767224 18 7 0
112530809 5 1 0
20396077 13 9 0
547147244 8 14 0
646417246 0 7 0
52510271 5 15 0
287325008 8 15 0
626371669 0 4 0
738367330 3 3 0
551793567 2 1 0
922899334 7 12 0
268002683 5 2 0
339992009 19 10 0
809909229 13 11 0
62357655 17 9 0
522483946 9 4 0
343765765 19 3 0
114445333 2 11 0
938908588 4 4 0
577179143 4 7 0
355371552 5 6 0
281914842 0 2 0
210272562 23 4 0
166818378 10 1 0
851775738 10 5 0
792548737 6 5 0
522602285 11 6 0
396908104 9 11 0
412196044 9 9 0
374075690 12 13 0
132527238 19 7 0
24079029 21 10 1
