165334264 20 14 0
173633207 5 1 0
35230162 20 12 0
176787688 16 5 0
309762704 4 14 0
136157980 14 2 0
851067109 11 5 0
368810787 15 12 0
505001744 12 3 1
84197472 5 8 0
203186501 16 2 0
31679640 10 12 0
128469445 4 4 0
905994155 18 10 0
152305209 11 6 0
950074795 12 9 1
874392248 16 9 0
83807167 8 5 0
76165526 8 11 0
231473665 14 15 0
76707955 6 2 0
586020355 21 2 0
302228914 22 12 0
505323260 1 6 0
746622303 13 10 0
643620522 18 3 0
225845892 2 12 0
169842158 1 3 0
673839901 23 9 0
115850775 11 8 0
13439392 19 10 0
871424412 13 5 0
541624089 21 6 0
579524828 11 13 0
607248114 10 14 0
508721242 10 12 0
543990269 5 9 0
969980147 7 5 0
814329211 10 14 0
190055402 18 5 0
40559262 3 5 0
181630220 22 10 0
171910669 8 6 0
691854008 9 5 0
160598363 14 5 1
656675850 14 11 0
42682613 21 2 0
23793611 5 8 0
376541921 14 2 0
297218299 13 1 0
142966786 0 11 0
341459366 10 11 0
493261041 21 9 0
293390796 12 7 0
874380018 17 5 0
635037119 1 14 0
432207634 8 7 0
584097793 12 8 0
204532120 16 0 0
412110037 8 8 0
85209210 9 2 0
888571575 7 3 0
549176269 18 10 0
488638268 14 3 0
544578142 2 8 0
576367436 21 10 0
326724317 0 2 0
903912894 6 7 0
118258396 5 14 0
118275049 15 6 0
237337633 4 14 0
144640085 16 14 0
95775523 3 10 0
983257771 5 4 0
938620230 17 13 0
980030997 15 13 0
102050408 8 3 0
390129726 16 4 0
758891788 1 8 0
832239233 4 9 0
67501031 4 12 0
748249470 0 13 0
310057081 6 13 0
52696671 12 10 0
58035737 17 5 0
101963400 17 6 1
112772449 1 3 0
236083068 4 0 0
39351617 13 5 0
110816489 18 10 0
776735053 17 11 0
97612255 11 8 0
196219034 13 12 1
707196237 19 13 0
326892316 14 6 0
523873550 6 2 0
143840897 14 8 0
206995034 8 11 0
171084537 12 9 0
555751240 8 2 0
780127235 4 4 0
39687973 22 13 0
104362495 10 13 0
827457448 18 2 0
401947273 6 12 0
727839726 9 14 0
214426660 4 11 0
592100947 19 14 0
735313094 8 4 0
