590056188 11 14 0
678770927 18 8 0
329799372 14 5 0
940748382 15 4 0
253823287 18 6 0
135969154 21 2 0
445171651 22 1 0
719264741 19 13 0
317636869 8 7 0
423872671 16 7 0
50170651 17 8 0
788477961 1 2 0
90946155 19 10 0
628561072 14 1 0
154207825 4 14 0
316351875 4 6 0
73009071 4 13 0
386677425 6 0 0
57958168 3 6 0
361189951 9 0 0
805965146 0 12 0
611851652 8 4 0
734679802 8 5 0
73330323 2 1 0
559852120 7 15 0
964452173 6 11 0
784821776 2 2 0
253149018 11 0 0
195045821 15 8 0
478799649 23 7 0
583355968 17 11 0
84502210 21 7 1
202474999 13 5 0
864038634 8 3 0
367061170 16 5 0
90766024 18 6 0
117904739 10 6 0
664767360 4 6 0
964367436 21 1 0
827696703 14 7 0
150340475 2 6 0
669573560 16 1 0
6374495 9 12 0
699588460 14 4 0
342811083 12 13 0
395719958 19 3 0
21596504 8 7 0
18391994 16 11 0
803091902 4 3 0
287733444 15 10 0
152404976 21 4 0
67405114 1 3 0
801510328 7 2 0
442127419 6 7 0
311149408 12 2 0
386635771 6 7 0
553714694 21 4 0
73962891 12 2 0
738328439 4 11 0
620530255 18 11 0
739740068 10 2 0
190910457 13 13 0
915760319 15 7 0
864745727 11 6 0
81105886 14 6 0
777762633 3 6 0
7031388 8 2 0
595486191 20 8 0
936846105 0 5 0
770007755 2 6 0
896137262 0 8 0
897315929 22 5 0
256306033 19 9 0
538683533 5 7 0
549594130 16 2 0
977977760 15 1 0
957222477 12 11 0
429950511 20 12 0
186363490 3 8 0
562378812 6 7 0
355922800 6 13 0
919319797 3 11 0
436917615 21 6 0
811132821 14 2 0
721278228 18 6 0
37108422 11 9 0
533598486 12 3 0
839446725 10 5 0
371580265 0 9 0
812379195 13 10 0
969099057 10 11 0
808803141 5 5 0
87735825 6 8 0
230484119 10 1 0
745193281 22 0 0
422126454 3 9 0
845302253 22 13 0
486306950 2 8 0
613832230 3 8 0
884014353 17 4 0
473743021 3 3 0
427166011 21 13 0
546095846 7 14 0
758154477 23 8 0
