842603107 1 12 0
196254326 3 9 0
452193577 15 6 0
717054755 19 8 0
25708865 8 6 0
135780328 23 9 0
39276193 6 5 0
82064374 8 13 0
130271994 19 10 0
763547870 6 12 0
712634117 8 15 0
729796966 14 1 0
225597870 4 15 0
178952984 15 14 0
971589757 16 0 0
842458281 10 2 0
259280215 8 11 0
861722688 10 3 0
39750810 1 14 0
490906237 19 1 0
547568016 15 1 0
637682949 20 12 0
179476369 16 14 0
628991707 8 4 0
200906932 1 13 0
297629503 13 13 1
183968334 22 8 0
164280873 23 13 0
876081067 10 9 0
26269207 4 13 0
165618223 15 4 0
285234329 0 8 0
35500914 3 6 0
160898119 11 9 0
299049231 3 10 0
660465127 2 8 0
507298525 20 10 0
531729578 8 13 0
942230656 8 3 0
305508678 10 9 0
87946683 20 2 0
985341895 4 1 0
656317637 10 8 0
707322912 8 4 0
697198808 14 0 0
134764066 20 4 0
815989711 8 2 1
185165382 12 0 0
69812557 9 3 0
278248589 0 5 0
161843166 18 5 0
953180188 15 3 0
122105294 12 9 0
590864042 23 9 0
735573119 2 6 0
138234423 6 8 0
675221754 2 6 0
379307305 14 6 0
284470437 10 14 0
828950473 11 12 0
234441600 5 9 0
480903660 17 2 0
122515043 10 10 0
253198865 19 8 0
777462956 18 10 0
806982825 16 2 0
674992780 5 12 0
459234493 11 1 0
595604488 18 12 0
434086140 16 1 0
567282570 18 4 0
662337452 9 5 0
416836543 13 1 0
266284300 13 9 0
160568030 21 12 0
160445207 10 3 0
9260909 16 4 0
297596291 0 12 0
773664518 12 6 0
120343386 3 4 0
644344569 3 7 0
102735803 6 2 0
391603144 11 15 1
409739645 1 3 0
569041403 7 14 0
787732760 14 5 0
782249518 1 2 0
455156061 6 0 0
703808913 11 14 0
526287580 4 9 0
173808740 21 5 0
532339706 5 9 0
151427621 13 13 0
913601327 10 11 0
175839925 2 9 0
148204353 17 1 0
559109288 0 13 0
937793871 7 4 0
68925602 14 14 0
