107495705 20 4 0
701392046 6 9 0
746762787 18 6 0
321186123 3 14 0
957423769 5 13 0
951070818 20 7 0
621035056 1 3 0
260343323 3 15 0
115082124 7 8 0
115568748 11 3 0
559618267 6 5 0
498940966 21 6 0
188074580 16 4 0
889174222 1 3 0
801317368 12 10 0
208735361 5 14 0
617726364 4 7 0
176938625 14 13 0
193718457 18 8 0
620622523 4 3 0
116995881 12 4 0
663514246 2 14 0
784102262 19 8 0
196998770 9 7 0
14136749 19 3 0
790636159 5 13 0
742944218 9 15 0
247587733 8 2 0
397286987 7 8 0
389218081 1 3 0
907709804 1 6 0
658141453 13 11 0
856181150 19 13 0
273236920 20 1 0
58862287 3 7 0
70334904 9 9 0
81212995 2 14 0
226516791 9 4 0
104614560 19 5 0
770974974 6 11 0
25552891 13 4 0
313455909 5 7 1
490781463 4 6 0
715057364 12 5 0
879411528 7 10 0
689287490 1 11 0
794903602 22 13 0
351938770 9 12 0
496362538 8 5 0
268763734 14 13 0
171281356 22 6 0
851300941 9 11 0
430354581 1 0 0
739600665 20 9 0
172342509 20 3 0
877487396 11 1 0
796728814 17 10 0
684651719 12 8 0
2787440 21 2 0
49716370 11 15 0
716797453 12 10 0
770896863 7 11 0
316924088 5 6 0
801481329 20 3 0
313990700 0 9 0
20723701 22 13 0
355299851 21 12 0
150807790 17 10 0
426537876 6 12 0
98164525 1 2 0
66252873 20 13 0
255183970 16 10 0
577367053 15 15 0
981539388 21 11 0
587021246 2 15 0
158391970 5 12 0
864432978 20 3 0
337417076 19 3 0
201136220 11 6 0
838137286 5 10 0
932766338 6 2 0
101631125 2 15 0
518463678 5 8 0
180521474 11 11 0
244629573 17 0 0
722877782 0 10 0
43246229 11 7 0
70865397 7 4 0
48383240 8 5 0
240195965 2 8 0
538347749 16 5 0
255876271 17 4 0
42944412 8 10 0
609064214 0 14 0
