532217629 0 2 0
46700440 21 8 0
869156992 4 6 0
97492496 22 11 0
901484352 19 5 0
950881992 3 15 0
215139598 20 14 0
610797277 21 0 0
915371570 3 12 0
455243947 18 10 0
234427412 3 12 0
440259971 10 10 0
322726295 8 9 0
611741139 9 8 0
631044979 1 4 0
562666762 0 3 0
803997508 17 13 1
479808883 18 15 0
175511099 8 3 0
750338809 11 3 0
846253072 5 6 0
689345543 18 8 0
228898829 4 2 0
924835159 10 2 0
815020887 13 8 0
123813489 3 7 1
314265781 11 5 0
158719588 11 15 0
906147228 3 8 0
752166955 7 2 0
489972059 21 14 0
858873572 2 12 0
517032060 9 14 0
557750726 22 14 0
978504669 21 12 0
640034007 16 3 0
642781786 7 3 0
93479009 19 4 0
82477780 6 14 0
248786949 1 14 0
135334104 17 5 0
801399249 11 12 0
153070284 17 10 0
722791816 20 13 0
73969927 13 11 0
428331598 11 10 0
601642488 18 10 0
518712158 22 0 0
922912519 22 6 0
259278879 17 8 0
180719546 19 14 0
577246689 17 3 0
738603868 19 7 1
888337288 17 11 0
768941225 15 7 1
629086048 16 9 0
918235874 14 12 0
2341812 16 12 0
536583759 9 5 0
85961583 14 1 0
211498985 13 10 0
73235745 18 14 0
683508138 0 2 0
189934467 4 5 0
838172765 12 7 0
49943893 4 9 0
35606922 17 14 0
14556092 9 11 0
85296259 20 4 0
577722226 14 2 0
725052502 8 9 0
20205493 22 9 0
737897563 10 14 0
536965150 22 6 0
197995146 7 3 0
156338733 0 14 0
904125731 8 11 0
205062856 18 4 0
616262243 15 5 0
568276865 7 8 0
233533786 9 11 0
272701452 5 6 0
473149207 23 9 0
938957624 3 12 0
92392748 22 1 0
485847799 15 13 0
464072266 3 7 0
502054049 16 1 0
552786893 12 10 0
126279355 17 7 0
730711753 5 6 0
151587841 5 1 0
106636208 3 13 0
132352096 18 2 0
196962539 8 12 0
932364482 13 7 0
974377679 3 3 0
508763382 16 13 0
138941672 10 14 0
881149371 21 1 0
542244700 18 8 0
774120809 21 3 0
68162262 10 13 0
550245564 0 1 0
65672097 3 5 0
502171062 14 4 0
145007878 18 12 0
477837179 4 1 0
958000200 13 12 0
